1961	50	5112	5759	278	11149	45.85	51.66	2.49	93.58	88.75	4.83	5.44	62.64	67.18
1962	51	5293	5932	286	11511	45.98	51.53	2.49	94.05	89.23	4.82	5.4	62.95	67.64
1963	52	5446	6135	303	11884	45.83	51.63	2.55	93.71	88.77	4.94	5.57	63.9	68.29
1964	53	5573	6367	317	12257	45.47	51.94	2.59	92.51	87.53	4.99	5.7	64.54	69.06
1965	54	5667	6626	335	12628	44.88	52.47	2.65	90.57	85.53	5.05	5.9	65.1	69.71
1966	55	5712	6929	353	12994	43.96	53.33	2.71	87.52	82.43	5.09	6.17	65.18	69.74
1967	56	5755	7175	367	13297	43.28	53.96	2.76	85.32	80.21	5.11	6.38	65.31	69.87
1968	57	5794	7474	383	13651	42.45	54.75	2.8	82.65	77.53	5.12	6.6	65.22	70.01
1969	58	5806	8125	404	14335	40.5	56.68	2.82	76.44	71.46	4.97	6.96	66.34	70.89
1970	59	5821	8426	428	14675	39.66	57.42	2.92	74.17	69.08	5.08	7.36	66.66	71.56
1971	60	5805	8736	454	14995	38.72	58.26	3.03	71.65	66.45	5.2	7.82	67.19	72.08
1972	61	5833	9051	484	15368	37.96	58.89	3.15	69.8	64.45	5.35	8.3	67.57	72.3
1973	62	5805	9330	507	15642	37.11	59.65	3.24	67.65	62.22	5.44	8.74	67.57	72.48
1974	63	5767	9622	537	15926	36.21	60.42	3.37	65.52	59.94	5.58	9.32	67.8	72.77
1975	64	5738	9917	568	16223	35.37	61.13	3.5	63.58	57.85	5.73	9.9	68.27	73.42
1976	65	5754	10222	604	16580	34.71	61.65	3.64	62.2	56.3	5.9	10.49	68.7	73.6
1977	66	5735	10500	647	16882	33.97	62.2	3.83	60.79	54.62	6.16	11.28	68.69	73.85
1978	67	5727	10789	686	17202	33.29	62.72	3.99	59.45	53.09	6.36	11.98	69.15	74.32
1979	68	5741	11075	728	17544	32.72	63.13	4.15	58.41	51.84	6.57	12.68	69.36	74.47
1980	69	5739	11361	766	17866	32.12	63.59	4.29	57.26	50.52	6.74	13.35	69.57	74.55
1981	70	5754	11637	803	18194	31.63	63.96	4.41	56.35	49.45	6.9	13.95	69.74	74.64
1982	71	5785	11888	842	18515	31.25	64.21	4.55	55.75	48.67	7.09	14.56	69.86	74.86
1983	72	5790	12121	879	18790	30.81	64.51	4.68	55.02	47.77	7.26	15.19	69.9	75.08
1984	73	5758	12385	926	19069	30.2	64.95	4.85	53.97	46.49	7.47	16.07	70.46	75.53
1985	74	5716	12621	977	19314	29.6	65.35	5.06	53.03	45.29	7.74	17.09	70.82	75.81
1986	75	5659	12820	1031	19510	29.01	65.71	5.28	52.18	44.14	8.04	18.21	70.97	75.88
1987	76	5601	13031	1093	19725	28.39	66.06	5.54	51.37	42.98	8.39	19.52	71.09	76.31
1988	77	5579	13230	1146	19955	27.96	66.3	5.74	50.83	42.17	8.66	20.54	70.99	76.21
1989	78	5543	13412	1201	20156	27.5	66.54	5.96	50.29	41.33	8.96	21.67	71.1	76.48
1990	79	5525	13607	1269	20401	27.08	66.7	6.22	49.93	40.61	9.32	22.96	71.33	76.75
1991	80	5427	13833	1345	20605	26.34	67.13	6.53	48.96	39.23	9.73	24.79	71.83	77.15
1992	81	5361	14025	1416	20802	25.77	67.42	6.81	48.32	38.23	10.1	26.41	71.78	77.19
1993	82	5280	14225	1491	20996	25.15	67.75	7.1	47.6	37.12	10.48	28.24	71.61	77.52
1994	83	5170	14446	1562	21178	24.41	68.21	7.38	46.6	35.79	10.82	30.22	71.81	77.76
1995	84	5076	14650	1631	21357	23.77	68.6	7.64	45.78	34.65	11.13	32.13	71.85	77.74
1996	85	4983	14851	1692	21526	23.15	68.99	7.86	44.94	33.55	11.39	33.95	72.38	78.05
1997	86	4914	15076	1752	21742	22.6	69.34	8.06	44.22	32.6	11.62	35.65	72.97	78.61
1998	87	4815	15303	1810	21928	21.96	69.79	8.26	43.3	31.47	11.83	37.59	73.12	78.93
1999	88	4735	15492	1865	22092	21.43	70.13	8.44	42.6	30.56	12.04	39.4	73.33	78.98
2000	89	4703	15652	1921	22276	21.11	70.26	8.63	42.32	30.05	12.28	40.85	73.83	79.56
2001	90	4662	15770	1973	22405	20.81	70.39	8.81	42.07	29.56	12.51	42.33	74.07	79.92
2002	91	4599	15891	2031	22521	20.42	70.56	9.02	41.72	28.94	12.78	44.17	74.58	80.24
2003	92	4482	16035	2088	22605	19.83	70.94	9.24	40.97	27.95	13.02	46.58	74.77	80.33
2004	93	4387	16152	2150	22689	19.34	71.19	9.48	40.48	27.16	13.31	49.02	74.68	80.75
2005	94	4259	16295	2217	22771	18.7	71.56	9.74	39.74	26.14	13.61	52.05	74.5	80.8
2006	95	4146	16444	2287	22877	18.12	71.88	10	39.12	25.21	13.91	55.17	74.86	81.41
2007	96	4031	16585	2343	22959	17.56	72.24	10.21	38.43	24.3	14.13	58.13	75.46	81.72
2008	97	3905	16730	2402	23037	16.95	72.62	10.43	37.7	23.34	14.36	61.51	75.59	81.94
2009	98	3778	16884	2458	23120	16.34	73.03	10.63	36.93	22.38	14.56	65.05	76.03	82.34
2010	99	3624	17050	2488	23162	15.65	73.61	10.74	35.85	21.26	14.59	68.64	76.13	82.55
2011	100	3502	17195	2528	23225	15.08	74.04	10.89	35.07	20.37	14.7	72.2	75.96	82.63
2012	101	3407	17305	2602	23314	14.6	74.2	11.2	34.7	19.7	15	76.4	76.72	82.81
2013	102	3337	17336	2696	23369	14.3	74.2	11.5	34.8	19.2	15.6	80.8	77.02	83.08
2014	103	3241	17352	2814	23407	13.8	74.1	12	34.9	18.7	16.2	86.8	77.1	83.27
2015	104	3122	17376	2945	23443	13.3	74.1	12.6	34.9	18	16.9	94.3	77.3	83.45
2016	105	3042	17305	3118	23465	13	73.7	13.3	35.6	17.6	18	102.5	77.48	83.61
2017	106	2966	17228	3282	23476	12.6	73.4	14	36.3	17.2	19.1	110.7	77.65	83.76
2018	107	2908	17127	3449	23484	12.4	72.9	14.7	37.1	17	20.1	118.6	77.82	83.9
2019	108	2860	17006	3622	23488	12.2	72.4	15.4	38.1	16.8	21.3	126.7	77.98	84.04
2020	109	2816	16859	3808	23483	12	71.8	16.2	39.3	16.7	22.6	135.2	78.13	84.18
2021	110	2768	16704	3996	23468	11.8	71.2	17	40.5	16.6	23.9	144.4	78.28	84.31
2022	111	2722	16559	4170	23451	11.6	70.6	17.8	41.6	16.4	25.2	153.2	78.42	84.44
2023	112	2678	16392	4355	23425	11.4	70	18.6	42.9	16.3	26.6	162.6	78.56	84.57
2024	113	2638	16210	4547	23395	11.3	69.3	19.4	44.3	16.3	28	172.4	78.7	84.7
2025	114	2623	16001	4736	23360	11.2	68.5	20.3	46	16.4	29.6	180.5	78.84	84.82
2026	115	2582	15817	4923	23322	11.1	67.8	21.1	47.5	16.3	31.1	190.6	78.97	84.95
2027	116	2510	15659	5111	23280	10.8	67.3	22	48.7	16	32.6	203.6	79.1	85.07
2028	117	2469	15465	5298	23232	10.6	66.6	22.8	50.2	16	34.3	214.6	79.23	85.18
2029	118	2436	15267	5474	23177	10.5	65.9	23.6	51.8	16	35.9	224.8	79.35	85.3
2030	119	2401	15074	5639	23114	10.4	65.2	24.4	53.3	15.9	37.4	234.8	79.47	85.41
2031	120	2373	14869	5803	23045	10.3	64.5	25.2	55	16	39	244.6	79.59	85.53
2032	121	2346	14681	5937	22964	10.2	63.9	25.9	56.4	16	40.4	253	79.7	85.64
2033	122	2318	14477	6081	22876	10.1	63.3	26.6	58	16	42	262.4	79.82	85.74
2034	123	2286	14273	6220	22779	10	62.7	27.3	59.6	16	43.6	272	79.93	85.85
2035	124	2255	14066	6352	22673	9.9	62	28	61.2	16	45.2	281.6	80.03	85.96
2036	125	2223	13864	6469	22556	9.9	61.5	28.7	62.7	16	46.7	291	80.14	86.06
2037	126	2185	13674	6570	22429	9.7	61	29.3	64	16	48	300.7	80.24	86.16
2038	127	2149	13478	6665	22292	9.6	60.5	29.9	65.4	15.9	49.5	310.2	80.34	86.26
2039	128	2109	13282	6755	22146	9.5	60	30.5	66.7	15.9	50.9	320.3	80.44	86.36
2040	129	2066	13081	6844	21991	9.4	59.5	31.1	68.1	15.8	52.3	331.2	80.54	86.45
2041	130	2018	12831	6976	21825	9.2	58.8	32	70.1	15.7	54.4	345.7	80.63	86.54
2042	131	1969	12610	7072	21651	9.1	58.2	32.7	71.7	15.6	56.1	359.1	80.72	86.64
2043	132	1920	12372	7179	21471	8.9	57.6	33.4	73.5	15.5	58	373.9	80.81	86.73
2044	133	1871	12122	7289	21282	8.8	57	34.3	75.6	15.4	60.1	389.6	80.9	86.82
2045	134	1823	11879	7385	21087	8.6	56.3	35	77.5	15.3	62.2	405.1	80.99	86.9
2046	135	1777	11628	7479	20884	8.5	55.7	35.8	79.6	15.3	64.3	420.8	81.07	86.99
2047	136	1734	11384	7557	20675	8.4	55.1	36.6	81.6	15.2	66.4	435.8	81.15	87.07
2048	137	1691	11157	7611	20459	8.3	54.5	37.2	83.4	15.2	68.2	449.9	81.23	87.15
2049	138	1650	10939	7649	20238	8.2	54.1	37.8	85	15.1	69.9	463.4	81.3	87.23
2050	139	1613	10740	7659	20012	8.1	53.7	38.3	86.3	15	71.3	474.8	81.38	87.31
2051	140	1581	10570	7631	19782	8	53.4	38.6	87.1	15	72.2	482.8	81.45	87.39
2052	141	1550	10390	7607	19547	7.9	53.2	38.9	88.1	14.9	73.2	490.7	81.52	87.46
2053	142	1521	10179	7609	19309	7.9	52.7	39.4	89.7	14.9	74.8	500.1	81.59	87.54
2054	143	1494	9992	7581	19067	7.8	52.4	39.8	90.8	15	75.9	507.4	81.65	87.61
2055	144	1469	9781	7573	18823	7.8	52	40.2	92.4	15	77.4	515.4	81.71	87.68
2056	145	1447	9581	7548	18576	7.8	51.6	40.6	93.9	15.1	78.8	521.7	81.78	87.74
2057	146	1425	9378	7525	18328	7.8	51.2	41.1	95.4	15.2	80.2	527.9	81.84	87.81
2058	147	1404	9169	7506	18079	7.8	50.7	41.5	97.2	15.3	81.9	534.6	81.89	87.88
2059	148	1383	8963	7483	17829	7.8	50.3	42	98.9	15.4	83.5	540.9	81.95	87.94
2060	149	1363	8754	7461	17578	7.8	49.8	42.4	100.8	15.6	85.2	547.5	82	88